-1.818552
4.781801
-3.24732
2.413392
1.699326
-0.04297812
1.164513
-1.726009
5.783833
5.713445
-2.569332
-1.097303
-0.7440035
3.07953
5.334975
-1.194648
2.982528
4.394566
-0.4313698
2.248688
5.178256
2.830186
-0.9621979
1.039567
-0.682748
1.41962
-1.451306
1.367114
3.189564
-3.200333
-0.59941
-0.801873
4.001839
0.8559105
4.078459
3.385641
-3.760292
0.3908667
0.02102336
0.504822
1.003313
-2.728473
-0.9829263
-2.800062
-2.09245
-0.5001781
-3.192753
-3.153477
-1.821836
3.154108
3.479255
-0.8686422
4.534768
5.673171
-0.2694298
2.569497
-1.690589
1.499179
-3.311446
1.264787
2.690802
-2.476432
-2.070853
-0.2254647
2.663724
-3.000181
-2.537299
-2.222371
-1.018575
-0.8425463
1.710116
0.8352398
-1.714744
-3.41683
2.867229
0.07579822
-2.739692
-1.39645
2.164919
4.256129
-2.648873
4.613922
-0.8470373
5.294328
1.598279
3.458673
-1.902724
-1.45592
-1.230211
-2.576857
3.300337
3.648268
-1.16946
-3.432346
2.521198
-3.333142
-2.572489
3.870528
-1.726546
4.88249
-1.927791
2.893905
2.017795
4.645153
-3.443121
3.783156
-3.24324
3.619813
0.7569149
1.358189
4.18525
-2.849367
4.110888
-0.179975
4.84611
-3.717069
5.873015
-1.178236
5.305665
3.960282
1.086599
0.2656788
-0.3119291
-0.3711159
0.3323503
2.347185
1.196407
-2.813062
5.317795
4.572869
1.291703
-2.369107
3.24258
2.808966
3.544352
-2.055132
-2.104412
1.153094
0.7466637
-0.866593
2.461304
-3.896303
-1.832552
5.667051
-1.559375
5.957706
3.542317
0.1823123
2.949528
5.25164
-0.00729252
-2.152971
4.431309
1.062797
-1.356729
5.243695
4.087032
-0.5696938
0.6311905
1.408449
1.25288
-1.110716
-3.298887
-1.58453
5.090598
-3.647693
2.176397
-1.024113
0.5478938
2.243366
-3.435233
0.8627793
2.480243
0.2360215
-2.743046
2.758395
5.003858
3.075406
3.981968
-2.545345
-2.620053
-3.000495
-3.993637
3.094128
3.998521
4.941853
-1.150595
2.402236
4.929248
4.150167
3.710764
-1.776376
0.3729601
5.38956
0.6487605
5.339152
4.037406
-0.2739368
5.89517
4.290331
3.585573
-1.298271
5.081391
3.801556
-2.099248
-3.420682
3.050371
-2.300766
2.912866
-2.6497
-0.7966197
-1.45057
-3.066926
4.318359
-1.252894
1.311387
3.782582
3.777705
-1.701097
-3.881787
3.650713
3.295525
-0.9148165
4.6171
1.504592
1.537765
-1.203125
4.563296
-0.06105238
-0.1774086
-0.8682411
-0.05233625
1.823042
3.987873
-3.988437
2.866906
4.599189
4.145016
2.508484
5.169452
-3.265785
-3.590111
-3.955828
2.947464
5.270253
1.325176
5.167627
2.462344
-1.084614
-0.7660897
-1.143743
0.2176526
3.103025
-0.675977
-2.253093
5.073984
-3.759273
2.129389
-2.430276
-3.252925
0.1606289
-1.751441
-1.915177
3.149869
4.134544
1.874768
2.810592
0.6349437
-1.038744
2.193129
-1.722431
5.507488
3.055567
4.19854
2.623561
4.581698
2.543262
4.543189
-3.887634
0.02724364
-0.8445907
-2.405693
1.813295
5.413686
2.788427
2.503886
4.36391
-2.152821
2.063944
4.440624
4.564614
2.085242
-2.342654
0.3545978
4.237116
5.531137
5.236989
2.378928
1.400246
-3.829787
0.4275726
-2.972168
-0.8061137
-2.366972
4.442391
-2.759323
1.370201
1.048505
2.463597
1.185824
-1.636767
0.542388
-0.7451619
5.278067
-2.048284
-2.275242
5.476386
-3.570645
-3.764253
4.094096
5.47527
-1.314439
-2.067529
-2.485991
0.1612985
1.438542
-1.74306
3.550293
2.404677
-1.221664
3.697724
-2.141577
-3.782542
0.8613738
1.461953
-1.585794
-1.31952
2.578837
1.407453
4.464376
-1.112167
-3.293621
2.519729
3.870151
-3.680805
-1.391926
5.519404
0.9500862
1.750313
-0.6255868
2.979964
-0.4698186
-3.345829
2.507365
-1.168718
-0.4557289
0.8028077
1.941727
3.063137
-1.088764
-2.697045
2.770534
-3.198103
-1.776652
-2.833902
-0.1255882
5.481016
-1.465418
-0.6666784
5.544777
1.664892
2.459907
1.039563
4.837153
-0.9672274
1.918557
1.798791
-0.2156005
-3.787944
3.252017
-1.327631
5.506745
1.725679
1.544123
-0.6301097
4.804114
-3.731813
-2.101803
-2.183216
3.738636
1.795226
-3.812035
4.801964
4.1554
5.171357
-1.073715
-3.787802
2.2452
-2.51203
3.139474
5.748981
-3.961197
3.871349
0.5757571
2.82506
-2.693438
3.697372
-2.597
-1.932802
-3.228801
-2.961757
0.5468262
-2.915669
0.8542252
-2.286296
5.653192
3.494181
1.393807
1.655906
4.893059
2.443393
-3.373696
5.524227
5.21636
3.522927
0.897235
2.784532
0.2922072
-3.256816
-1.017648
4.174111
2.229253
1.637729
5.709575
0.6409425
-3.29369
1.697522
5.724408
5.151951
2.105863
4.904882
1.212206
0.3731495
1.994459
1.750865
3.169085
4.583196
-2.812025
4.598595
1.803198
-2.555443
1.852583
-3.157591
-0.8026812
4.6907
-1.366033
2.832241
3.971621
-2.472138
1.641312
-3.53597
-0.6631309
-1.036067
3.724856
2.567914
-0.710406
-0.8154031
-1.968945
-1.414332
1.716555
-1.684486
-3.665116
3.056666
3.564261
4.322707
-1.726288
-2.868591
3.883184
2.959992
5.06786
5.516478
2.291651
1.175391
2.760836
3.925792
0.01748471
3.515601
1.945993
4.398663
-3.501642
2.083632
2.912016
-3.08828
0.6129759
2.760856
2.551681
3.762346
-0.2954589
0.3753803
3.792797
