        -1         2        -3        -4         5        -6        -7         8        -9        10
        -1        -2         3        -4        -5        -9        10        -1         2
         2        -3        -4         5        -6        -7         8        -9
        -2         3        -4        -5        -9        10        -1
        -5        -5        -6         7        -8        -1
        -1         2        -3        -4         5
        -1        -2         3        -4
         3        -4        -5
        -4         5
        -4
18
